tag,eps,minPts,L,M,threads,elapsed_s,points,clusters,noise,noise_pct,avg_size,median_size,max_size,noise_pct_str
eps0.34_mpts20_L10_M12_t32,0.34,20,10,12,32,,52002,1,0,0.0,52002.0,52002.0,52002,0.00%
eps0.34_mpts20_L20_M12_t32,0.34,20,20,12,32,,52002,1,0,0.0,52002.0,52002.0,52002,0.00%
eps0.34_mpts30_L10_M12_t32,0.34,30,10,12,32,,52002,1,0,0.0,52002.0,52002.0,52002,0.00%
eps0.34_mpts30_L20_M12_t32,0.34,30,20,12,32,,52002,1,0,0.0,52002.0,52002.0,52002,0.00%
eps0.34_mpts40_L10_M12_t32,0.34,40,10,12,32,,52002,1,0,0.0,52002.0,52002.0,52002,0.00%
eps0.34_mpts40_L20_M12_t32,0.34,40,20,12,32,,52002,1,0,0.0,52002.0,52002.0,52002,0.00%
eps0.34_mpts20_L20_M18_t32,0.34,20,20,18,32,,52002,3,3,0.005769,17333.0,10.0,51988,0.01%
eps0.34_mpts30_L20_M18_t32,0.34,30,20,18,32,,52002,4,42,0.080766,12990.0,4.0,51951,0.08%
eps0.34_mpts40_L20_M18_t32,0.34,40,20,18,32,,52002,11,123,0.236529,4716.272727,6.0,51780,0.24%
eps0.31_mpts20_L20_M12_t32,0.31,20,20,12,32,,52002,41,227,0.436522,1262.804878,2.0,51635,0.44%
eps0.31_mpts30_L20_M12_t32,0.31,30,20,12,32,,52002,36,313,0.6019,1435.805556,2.0,51498,0.60%
eps0.31_mpts40_L20_M12_t32,0.31,40,20,12,32,,52002,34,375,0.721126,1518.441176,1.5,51539,0.72%
eps0.34_mpts20_L10_M18_t32,0.34,20,10,18,32,,52002,41,572,1.099958,1254.390244,7.0,51110,1.10%
eps0.31_mpts20_L10_M12_t32,0.31,20,10,12,32,,52002,80,1065,2.047998,636.7125,2.0,50634,2.05%
eps0.31_mpts20_L20_M18_t32,0.31,20,20,18,32,,52002,171,1300,2.499904,296.502924,2.0,50008,2.50%
eps0.31_mpts30_L10_M12_t32,0.31,30,10,12,32,,52002,63,1348,2.592208,804.031746,3.0,50210,2.59%
eps0.31_mpts40_L10_M12_t32,0.31,40,10,12,32,,52002,56,1568,3.015269,900.607143,3.0,49957,3.02%
eps0.34_mpts30_L10_M18_t32,0.34,30,10,18,32,,52002,61,1585,3.04796,826.508197,10.0,48970,3.05%
eps0.31_mpts30_L20_M18_t32,0.31,30,20,18,32,,52002,154,2235,4.297912,323.162338,2.0,48587,4.30%
eps0.34_mpts40_L10_M18_t32,0.34,40,10,18,32,,52002,76,2938,5.649783,645.578947,18.0,46548,5.65%
eps0.31_mpts40_L20_M18_t32,0.31,40,20,18,32,,52002,144,3190,6.134379,338.972222,4.0,47796,6.13%
eps0.31_mpts20_L10_M18_t32,0.31,20,10,18,32,,52002,274,5030,9.672705,171.430657,5.0,44222,9.67%
eps0.34_mpts20_L20_M24_t32,0.34,20,20,24,32,,52002,222,6008,11.553402,207.18018,12.0,41555,11.55%
eps0.28_mpts20_L20_M12_t32,0.28,20,20,12,32,,52002,909,6239,11.997615,50.344334,2.0,41847,12.00%
eps0.28_mpts30_L20_M12_t32,0.28,30,20,12,32,,52002,730,7219,13.882158,61.346575,2.0,40921,13.88%
eps0.31_mpts30_L10_M18_t32,0.31,30,10,18,32,,52002,232,7587,14.589823,191.443966,9.0,40508,14.59%
eps0.28_mpts40_L20_M12_t32,0.28,40,20,12,32,,52002,651,7990,15.364794,67.606759,2.0,40132,15.36%
eps0.28_mpts20_L20_M18_t32,0.28,20,20,18,32,,52002,1390,9969,19.170417,30.239568,2.0,35797,19.17%
eps0.31_mpts40_L10_M18_t32,0.31,40,10,18,32,,52002,227,10020,19.26849,184.942731,14.0,35932,19.27%
eps0.28_mpts20_L10_M12_t32,0.28,20,10,12,32,,52002,869,12301,23.654859,45.685846,3.0,35178,23.65%
eps0.34_mpts30_L20_M24_t32,0.34,30,20,24,32,,52002,185,12374,23.795239,214.205405,25.0,33593,23.80%
eps0.31_mpts20_L20_M24_t32,0.31,20,20,24,32,,52002,453,12727,24.474059,86.699779,8.0,33491,24.47%
eps0.28_mpts30_L20_M18_t32,0.28,30,20,18,32,,52002,1036,13205,25.393254,37.448842,2.0,31468,25.39%
eps0.28_mpts30_L10_M12_t32,0.28,30,10,12,32,,52002,677,13530,26.01823,56.827179,3.0,33707,26.02%
eps0.28_mpts40_L10_M12_t32,0.28,40,10,12,32,,52002,577,14467,27.820084,65.051993,4.0,32755,27.82%
eps0.28_mpts40_L20_M18_t32,0.28,40,20,18,32,,52002,835,15760,30.306527,43.403593,3.0,26591,30.31%
ceps0.28_mpts20_L10_M18_t32,0.28,20,10,18,32,,52002,1218,18737,36.031306,27.311166,3.0,23469,36.03%
eps0.31_mpts30_L20_M24_t32,0.31,30,20,24,32,,52002,316,19252,37.021653,103.639241,17.0,24102,37.02%
eps0.25_mpts20_L20_M12_t32,0.25,20,20,12,32,,52002,2998,21143,40.658052,10.293195,2.0,18328,40.66%
eps0.28_mpts30_L10_M18_t32,0.28,30,10,18,32,,52002,862,22784,43.813699,33.895592,5.0,15523,43.81%
eps0.25_mpts30_L20_M12_t32,0.25,30,20,12,32,,52002,2389,22950,44.132918,12.160737,2.0,12023,44.13%
eps0.25_mpts20_L20_M18_t32,0.25,20,20,18,32,,52002,3756,23662,45.502096,7.545261,2.0,9673,45.50%
eps0.31_mpts40_L20_M24_t32,0.31,40,20,24,32,,52002,231,24176,46.49052,120.458874,28.0,16910,46.49%
eps0.25_mpts40_L20_M12_t32,0.25,40,20,12,32,,52002,2065,24323,46.773201,13.403874,2.0,12877,46.77%
eps0.34_mpts20_L10_M24_t32,0.34,20,10,24,32,,52002,352,24594,47.294335,77.863636,20.0,15807,47.29%
eps0.28_mpts40_L10_M18_t32,0.28,40,10,18,32,,52002,672,25957,49.915388,38.75744,8.0,10867,49.92%
eps0.28_mpts20_L20_M24_t32,0.28,20,20,24,32,,52002,1106,26164,50.313449,23.361664,4.0,14765,50.31%
eps0.25_mpts30_L20_M18_t32,0.25,30,20,18,32,,52002,2618,28203,54.234453,9.090527,2.0,4937,54.23%
eps0.31_mpts20_L10_M24_t32,0.31,20,10,24,32,,52002,454,29031,55.826699,50.596916,17.0,10608,55.83%
eps0.25_mpts20_L10_M12_t32,0.25,20,10,12,32,,52002,2184,29837,57.376639,10.14881,2.0,11235,57.38%
eps0.25_mpts40_L20_M18_t32,0.25,40,20,18,32,,52002,2002,31153,59.907311,10.414086,2.0,2982,59.91%
eps0.25_mpts30_L10_M12_t32,0.25,30,10,12,32,,52002,1710,31446,60.470751,12.021053,2.0,4948,60.47%
eps0.28_mpts30_L20_M24_t32,0.28,30,20,24,32,,52002,650,32167,61.857236,30.515385,8.0,6545,61.86%
eps0.25_mpts40_L10_M12_t32,0.25,40,10,12,32,,52002,1439,32610,62.709127,13.476025,3.0,3541,62.71%
eps0.34_mpts30_L10_M24_t32,0.34,30,10,24,32,,52002,253,33073,63.599477,74.818182,35.0,2418,63.60%
eps0.25_mpts20_L10_M18_t32,0.25,20,10,18,32,,52002,2583,33211,63.864851,7.274874,2.0,1602,63.86%
eps0.28_mpts40_L20_M24_t32,0.28,40,20,24,32,,52002,443,35857,68.953117,36.444695,13.0,2944,68.95%
eps0.31_mpts30_L10_M24_t32,0.31,30,10,24,32,,52002,284,36068,69.358871,56.105634,29.0,1134,69.36%
eps0.25_mpts30_L10_M18_t32,0.25,30,10,18,32,,52002,1643,36984,71.120342,9.140596,3.0,1289,71.12%
eps0.25_mpts20_L20_M24_t32,0.25,20,20,24,32,,52002,1952,37866,72.81643,7.241803,2.0,557,72.82%
eps0.28_mpts20_L10_M24_t32,0.28,20,10,24,32,,52002,710,37885,72.852967,19.883099,9.0,744,72.85%
eps0.34_mpts40_L10_M24_t32,0.34,40,10,24,32,,52002,168,38230,73.516403,81.97619,47.5,658,73.52%
eps0.25_mpts40_L10_M18_t32,0.25,40,10,18,32,,52002,1176,39502,75.962463,10.629252,3.0,341,75.96%
eps0.31_mpts40_L10_M24_t32,0.31,40,10,24,32,,52002,190,40267,77.43356,61.763158,40.0,491,77.43%
eps0.25_mpts30_L20_M24_t32,0.25,30,20,24,32,,52002,1007,42278,81.300719,9.656405,3.0,391,81.30%
eps0.28_mpts30_L10_M24_t32,0.28,30,10,24,32,,52002,353,42592,81.904542,26.657224,16.0,318,81.90%
eps0.25_mpts40_L20_M24_t32,0.25,40,20,24,32,,52002,609,44527,85.625553,12.27422,4.0,365,85.63%
eps0.25_mpts20_L10_M24_t32,0.25,20,10,24,32,,52002,953,45011,86.556286,7.335782,3.0,172,86.56%
eps0.28_mpts40_L10_M24_t32,0.28,40,10,24,32,,52002,218,45082,86.69282,31.743119,23.0,295,86.69%
eps0.25_mpts30_L10_M24_t32,0.25,30,10,24,32,,52002,434,47695,91.717626,9.923963,5.0,157,91.72%
eps0.25_mpts40_L10_M24_t32,0.25,40,10,24,32,,52002,248,48924,94.080997,12.41129,6.0,159,94.08%
